80 140 1
0 32 0
0 42 0
0 63 0
1 20 0
1 56 0
1 75 0
1 76 0
2 13 0
2 21 0
2 22 0
2 24 0
2 55 0
3 4 0
3 30 0
3 34 0
3 65 0
4 26 0
4 36 0
4 38 0
4 45 0
4 61 0
4 77 0
7 32 0
7 59 0
8 73 0
9 25 0
9 47 0
10 44 0
10 51 0
10 59 0
10 70 0
11 26 0
11 37 0
11 54 0
12 32 0
12 34 0
12 35 0
12 58 0
12 63 0
12 72 0
12 75 0
12 79 0
13 19 0
13 50 0
14 36 0
15 28 0
15 45 0
15 47 0
15 77 0
16 19 0
16 54 0
16 65 0
16 70 0
16 78 0
17 22 0
17 39 0
17 79 0
19 44 0
20 28 0
21 43 0
21 46 0
22 24 0
22 38 0
23 60 0
23 64 0
23 65 0
23 72 0
24 40 0
24 75 0
25 26 0
25 36 0
25 46 0
26 47 0
26 52 0
27 42 0
27 45 0
27 60 0
27 75 0
28 48 0
28 64 0
28 69 0
28 75 0
29 41 0
29 46 0
29 70 0
30 63 0
31 37 0
31 59 0
31 76 0
32 45 0
32 70 0
33 57 0
34 65 0
35 37 0
36 41 0
36 47 0
36 70 0
37 46 0
37 68 0
37 72 0
38 52 0
40 63 0
40 75 0
41 47 0
42 46 0
42 72 0
43 65 0
43 66 0
43 74 0
44 48 0
44 54 0
44 59 0
45 65 0
45 74 0
46 58 0
47 61 0
47 70 0
47 78 0
48 59 0
48 78 0
50 77 0
51 59 0
54 59 0
54 69 0
54 76 0
56 63 0
57 69 0
58 71 0
58 76 0
58 79 0
59 61 0
60 77 0
64 70 0
64 74 0
65 75 0
68 74 0
69 75 0
71 74 0
72 77 0
77 79 0
