120 363 1
0 17 0
0 41 0
0 69 0
0 72 0
1 25 0
1 29 0
1 49 0
1 68 0
1 73 0
1 94 0
1 100 0
2 72 0
2 73 0
2 91 0
2 114 0
2 117 0
3 15 0
3 19 0
3 25 0
3 27 0
3 41 0
3 53 0
3 65 0
3 85 0
3 107 0
4 23 0
4 37 0
4 52 0
4 60 0
4 66 0
4 77 0
4 85 0
4 98 0
4 101 0
5 28 0
5 37 0
5 52 0
5 113 0
6 9 0
6 20 0
6 95 0
6 97 0
6 105 0
7 62 0
7 63 0
7 101 0
7 116 0
8 11 0
8 26 0
8 45 0
8 48 0
8 91 0
8 94 0
8 113 0
9 37 0
9 72 0
9 89 0
9 112 0
10 21 0
10 35 0
10 60 0
10 71 0
11 36 0
11 41 0
11 49 0
11 86 0
12 48 0
12 52 0
12 57 0
12 59 0
12 75 0
12 77 0
12 78 0
12 95 0
12 99 0
12 106 0
12 117 0
13 27 0
13 53 0
13 61 0
13 79 0
13 100 0
13 107 0
14 19 0
14 29 0
14 34 0
14 69 0
14 78 0
14 104 0
14 109 0
15 30 0
15 37 0
15 38 0
15 53 0
15 55 0
15 60 0
15 72 0
15 86 0
15 88 0
15 112 0
16 30 0
16 34 0
16 70 0
16 83 0
17 32 0
17 52 0
17 58 0
17 67 0
17 82 0
17 84 0
17 99 0
17 119 0
18 31 0
18 53 0
18 66 0
18 95 0
18 103 0
18 118 0
19 27 0
19 95 0
19 103 0
20 53 0
20 88 0
20 97 0
21 23 0
21 28 0
21 34 0
21 58 0
21 95 0
21 106 0
22 30 0
22 72 0
22 79 0
22 85 0
22 99 0
22 107 0
22 110 0
23 39 0
23 41 0
23 61 0
23 64 0
23 67 0
23 95 0
23 98 0
23 103 0
23 110 0
24 36 0
24 48 0
24 51 0
24 62 0
24 77 0
24 78 0
24 94 0
25 48 0
25 81 0
25 118 0
26 45 0
26 51 0
26 81 0
27 51 0
27 61 0
27 91 0
27 100 0
27 116 0
28 76 0
28 116 0
29 54 0
29 89 0
29 95 0
29 96 0
29 119 0
30 85 0
30 87 0
30 97 0
30 98 0
31 36 0
31 42 0
31 70 0
31 99 0
31 115 0
32 47 0
32 63 0
32 74 0
32 90 0
32 112 0
33 43 0
33 73 0
33 119 0
34 77 0
35 41 0
35 83 0
35 108 0
36 100 0
37 54 0
37 56 0
37 107 0
38 39 0
38 46 0
38 55 0
38 87 0
38 98 0
38 106 0
39 41 0
39 45 0
40 46 0
40 52 0
40 70 0
40 76 0
40 88 0
40 91 0
41 52 0
41 55 0
41 57 0
41 74 0
41 112 0
42 43 0
42 80 0
42 105 0
42 109 0
43 59 0
43 67 0
43 98 0
43 100 0
44 81 0
44 82 0
45 75 0
45 95 0
46 56 0
46 61 0
46 71 0
46 76 0
46 91 0
47 63 0
47 92 0
48 68 0
48 112 0
48 114 0
49 67 0
49 77 0
49 113 0
50 52 0
50 60 0
50 95 0
50 116 0
51 58 0
51 77 0
51 93 0
51 114 0
52 68 0
52 72 0
52 76 0
52 86 0
52 108 0
53 61 0
53 64 0
53 113 0
53 118 0
54 62 0
54 72 0
54 88 0
54 107 0
54 114 0
54 118 0
56 84 0
56 99 0
56 110 0
57 72 0
57 82 0
57 95 0
57 101 0
57 112 0
59 68 0
60 91 0
60 109 0
60 116 0
62 85 0
62 96 0
62 100 0
62 103 0
63 86 0
63 112 0
64 93 0
64 96 0
64 113 0
65 76 0
65 105 0
65 115 0
66 72 0
66 99 0
66 108 0
66 116 0
67 92 0
67 118 0
68 87 0
68 94 0
68 95 0
68 98 0
68 99 0
68 119 0
69 94 0
69 96 0
69 107 0
70 85 0
70 93 0
70 98 0
71 80 0
71 88 0
72 76 0
72 93 0
72 97 0
72 103 0
73 87 0
73 92 0
73 93 0
73 104 0
73 116 0
74 101 0
77 91 0
77 105 0
78 91 0
79 102 0
79 118 0
80 90 0
80 107 0
80 116 0
82 88 0
82 94 0
82 101 0
82 118 0
83 95 0
83 101 0
83 118 0
85 109 0
85 115 0
86 89 0
86 93 0
86 101 0
87 112 0
89 110 0
89 115 0
90 93 0
90 108 0
90 119 0
92 108 0
92 119 0
93 110 0
93 111 0
93 113 0
93 114 0
94 119 0
95 117 0
96 97 0
96 103 0
98 100 0
98 102 0
100 113 0
104 119 0
107 118 0
108 109 0
108 116 0
109 113 0
110 113 0
114 115 0
